89.0775 107.692 117.957 124.378 119.996 118.908 113.926 97.7619 86.7551 76.1062 71.1835 63.4985 55.8025 48.6839 40.4059 43.2237 36.9285 31.2345 28.0086 25.7573 24.081 24.045 21.9414 25302.9 1886.64 0.115648 0.0605908 0.146946 0.281591 0.102587 0.0656082 0.237166 0.09721 0 0 0.280986 0.162167 0.0894642 0.168604 0.0789055 
109.392 134.556 153.113 165.259 154.303 146.328 138.403 128.624 110.29 98.2466 91.0999 79.0651 67.0088 59.1502 58.6546 52.3465 46.262 41.639 37.3914 32.6913 28.6152 29.0559 27.972 26666.1 2198.4 0.426104 0.416414 0.236921 0.429352 0 0.144377 0.0472056 0.00514726 0.0682657 0.169141 0.281331 0.225277 0 0.063295 0 
117.411 149.658 178.38 206.242 200.683 179.712 148.471 142.835 120.323 101.965 103.575 85.0693 76.0197 73.477 64.0515 58.738 52.0427 41.8049 37.5664 37.2281 35.1065 37.3096 32.5818 27124.6 2278.97 0.489477 0.219151 0.151801 0.391941 0.444274 0.292252 0.0318561 0.170745 0.477695 0.721589 0.0756968 0.264441 0.130909 0.0168079 0.0540726 
122.449 163.943 204.324 260.232 243.231 197.082 168.182 147.733 130.86 117.746 98.0968 84.5996 77.6136 74.0257 68.6133 61.2779 58.9991 48.6513 44.7008 40.5162 35.5033 33.9918 34.0348 27326.8 2313.29 0.137188 0.10013 0.454614 0.857834 0.685042 0.87268 0.938481 0.608334 0.605748 0.491664 0.139037 0.135387 0.211385 0.271691 0 
128.963 163.493 201.318 247.444 245.883 206.019 171.248 149.863 127.292 115.173 103.465 90.1659 82.9333 74.9232 69.873 60.6309 56.0566 50.1413 45.7114 40.3165 36.5571 33.3925 29.8133 27178.1 2305.3 0.182572 0.973993 0.469738 1.06225 1.13963 1.26474 1.45397 0.79403 0.868436 0.486319 0.544835 0.925066 0.637157 0.756192 0.431837 
122.429 148.044 178.498 204.427 203.218 181.293 162.117 142.431 123.599 112.537 104.773 92.0543 84.3199 72.6888 63.1733 57.3007 53.6917 48.2749 45.2019 38.9931 33.1648 31.9529 32.5939 27298.2 2221.44 0.417473 0.995195 1.75418 1.46553 1.79743 2.19041 2.24249 0.865329 0.681303 0.433849 0.504695 0.950231 1.06713 0.370352 0.224208 
110.832 138.881 155.937 166.816 167.567 157.802 145.721 133.589 118.141 107.467 96.8577 87.9682 83.0492 73.2344 64.1563 57.9903 52.4475 46.856 42.6201 37.7311 36.8262 32.849 35.9983 26834.2 2275.14 1.9316 1.61265 1.72773 2.25151 2.91206 2.96727 1.82094 1.24291 1.15467 1.62869 1.56452 1.98993 1.37613 0.519734 0.300359 
100.672 126.054 137.12 144.412 146.691 132.821 131.004 121.222 118.73 104.342 92.9407 86.0476 75.0549 70.9398 66.599 64.0247 49.4926 46.2929 43.4298 37.6024 32.647 31.351 31.6054 25810.4 1997.93 3.0971 4.14998 3.90528 3.90662 3.463 4.44239 2.45386 1.43031 2.08184 2.17494 2.27259 2.07395 1.16857 1.44609 0.954701 
96.4264 112.446 119.953 125.216 128.31 125.863 119.59 110.347 114.208 99.5897 89.8721 86.379 75.8818 65.5239 60.5669 51.8611 47.7542 42.386 40.0917 37.7941 33.7925 28.9554 24.0101 21.4789 13.6183 10.3777 8.9415 6.70656 7.34472 6.47509 5.28356 3.77066 3.66982 3.11911 2.14669 2.43668 2.46783 1.80249 1.5166 1.43511 
83.9612 104.643 111.712 108.073 112.128 111.971 111.206 104.635 101.748 90.0595 82.1599 80.355 72.9503 61.2447 57.3686 55.9631 51.976 42.7223 42.647 41.0443 31.6475 27.3794 29.0941 24.2412 19.8416 16.4388 13.6484 13.6822 11.5966 9.10383 8.46484 7.13802 5.08568 4.10959 2.96438 3.19313 2.79986 2.22518 1.46654 1.80612 
74.9155 88.1676 96.1253 101.4 103.516 104.739 97.5773 93.132 90.3821 82.879 79.5685 74.681 68.3157 60.497 58.0135 48.2222 44.8408 42.4988 36.5784 35.3093 30.1936 25.6692 26.4859 22.9787 18.2216 15.4007 12.146 13.5152 13.0504 13.3659 12.1624 10.3906 7.49227 7.00631 5.72523 6.65217 4.11258 3.42729 3.84239 2.81208 
67.3484 80.7635 87.8363 93.1067 90.8963 94.0699 87.8923 78.8116 81.6913 81.6613 76.5998 66.3427 61.1115 55.1784 53.5583 46.8562 43.9466 42.3556 38.8993 35.8762 29.8855 29.0482 25.387 23.9522 23.205 16.717 18.2904 13.8958 14.3118 13.2914 11.8848 10.6085 8.92352 9.67344 7.56117 7.51434 7.14578 5.90976 4.5351 4.42778 
58.5259 71.1234 82.5258 74.2996 86.5149 83.7142 84.4137 79.6123 73.5379 66.5013 67.4382 66.5665 59.4073 52.8096 45.7968 46.8544 39.6337 36.7981 34.5112 31.588 27.4165 25.5913 22.9766 24.2166 23.2131 17.7322 15.4063 15.5191 14.4013 13.4314 11.2217 11.2683 10.5778 11.8371 8.12216 9.87023 9.57166 6.81455 7.02373 5.52811 
53.05 63.2443 69.9852 69.1366 77.0231 71.0517 70.8614 70.5346 64.9791 64.2531 62.7665 62.0939 58.316 45.0276 46.6594 41.7489 41.1864 36.2407 34.9531 32.0546 31.1783 28.3649 23.8249 20.0155 19.6466 17.2139 16.9607 15.5466 13.7786 15.1961 12.479 12.6244 10.2322 8.77267 10.0055 10.1078 8.61813 8.44146 6.52223 7.75505 
44.6972 57.9629 60.9534 67.3526 70.2252 70.3967 69.9065 63.3425 60.0577 56.2307 57.5403 51.7776 49.991 48.5811 44.2014 42.746 43.8555 37.1038 30.0098 33.0895 28.5789 23.7107 23.2397 23.7632 20.0293 18.9003 17.2433 16.4599 16.9286 15.4952 10.3826 11.8734 9.55329 9.65851 9.85277 9.72955 9.71281 7.76183 8.56115 6.13346 
41.7138 51.9057 57.2174 58.6924 60.9957 57.6665 59.3713 58.3747 54.692 53.1238 50.365 48.2686 45.0089 43.6861 43.5918 42.5279 34.5496 31.3466 31.8672 32.267 29.0067 27.6051 25.1374 22.7334 20.2382 20.3507 18.7572 16.1177 17.3671 14.9172 15.3278 13.3537 10.0661 12.3003 10.4078 9.93679 8.93536 7.51414 7.96195 6.01954 
40.8807 50.1546 48.2346 53.8542 53.8306 54.5892 52.6347 51.1524 50.2443 46.1431 46.1885 44.8569 42.2011 39.7914 35.2134 35.8979 33.2811 29.891 26.2987 27.9222 25.8133 24.5284 24.2112 19.7035 18.6405 18.2725 19.6234 18.0992 17.7234 14.6087 13.3672 13.766 13.9911 11.8076 12.0127 10.1999 9.3421 8.23362 7.15578 6.86703 
33.8031 39.0159 44.7964 51.2821 47.2454 50.2091 48.4067 48.0864 46.7059 45.2226 42.6405 42.6739 42.6422 37.2066 38.5856 34.1531 29.7017 28.1156 23.8726 23.8335 24.915 21.2707 19.5437 17.6045 21.5098 17.6216 17.573 18.4577 18.3569 13.3224 12.4299 10.8741 11.1408 11.4531 11.2257 9.17339 8.45295 6.77147 7.64301 7.28564 
28.9704 38.3215 38.9529 40.9516 41.7508 42.0705 44.5903 43.1731 38.8257 42.3263 42.2789 39.0759 42.3934 34.1445 33.4057 32.1895 27.5401 26.1245 26.8585 22.9337 23.3055 20.0565 18.3166 16.393 14.9613 16.1085 16.8403 14.6975 12.8561 15.405 11.885 12.4725 12.4352 9.53087 10.2905 9.00517 9.2893 8.05137 8.91451 6.44766 
29.1742 32.9545 35.4097 39.941 39.1394 41.2021 41.7591 38.0804 38.6864 35.8702 35.7887 34.4845 32.9969 33.2979 32.397 29.0978 27.872 24.378 23.6385 21.3174 23.1524 18.7557 20.1146 16.863 16.0267 14.7717 16.4687 16.9922 12.2722 15.3071 11.5556 11.5296 9.73697 10.08 8.75213 8.78346 7.87365 8.27906 6.57973 6.43851 
22.0161 30.4637 29.8692 35.2273 38.7933 36.0501 37.3247 32.2777 35.6339 32.8869 34.8723 30.0731 32.5499 26.6514 29.1111 28.5702 25.5584 20.7762 22.3255 20.7144 16.6601 15.8375 13.4171 18.7292 15.9253 15.6687 16.4882 14.4686 13.9689 13.2526 11.4624 10.8004 9.76279 9.76906 10.2768 9.43573 9.76906 8.29796 8.5271 6.24187 
21.8233 25.7505 29.7463 31.0918 31.1425 30.8128 32.0575 30.4478 30.5354 29.4895 30.2305 30.1162 29.245 26.5924 24.8562 25.477 22.061 24.4081 21.5324 21.9624 17.4869 16.9176 15.8571 14.5886 14.9612 14.6949 13.2156 15.4752 11.949 12.5748 11.7986 11.8708 10.4128 10.2921 11.4731 9.50477 8.26476 7.92168 8.19324 7.36856 
18.8625 25.5218 26.2821 29.1615 25.996 29.5195 31.1927 28.5672 29.5327 29.1302 24.9315 26.8903 26.8104 24.8644 22.4893 21.3239 21.4356 20.9738 20.9621 21.1406 16.4159 16.6615 14.767 15.4373 13.618 13.5488 12.0699 11.2972 12.3385 12.973 11.0767 10.5701 9.33134 9.58439 10.584 9.29918 9.27966 8.47396 8.34089 6.86819 
18.557 20.2675 23.6725 24.0885 25.2877 26.2573 27.9112 30.7019 27.9209 28.9321 24.1429 25.1111 25.1848 21.8277 19.4884 17.6863 19.5624 19.1703 19.8091 20.0128 18.1809 16.5512 15.8003 15.2074 13.5164 12.1131 12.1826 9.88877 10.2321 11.9167 10.9612 12.3798 9.8459 9.03794 8.77525 10.08 10.3161 8.63464 7.46361 6.11581 
13.4916 17.7145 22.4263 23.9729 23.8651 23.448 25.9047 24.1012 24.5124 24.238 21.1296 21.925 23.7327 23.223 20.3568 20.1159 20.8906 19.2674 18.0469 17.1793 18.0964 18.185 14.4211 12.1387 12.4091 14.8468 11.4544 9.19482 10.6649 10.0265 10.7658 9.8547 8.84507 8.44819 9.08783 8.90686 7.83136 6.8199 8.11309 5.56561 
13.103 17.8141 17.5066 21.6825 21.4383 27.5777 22.0147 20.8355 24.199 22.4783 20.4386 20.3153 21.6059 19.8595 19.3108 19.3533 18.7261 17.6419 16.5224 16.1635 15.5745 14.0129 17.0075 14.1334 13.8449 14.0609 12.0237 11.3938 10.2895 10.2952 8.82102 8.72529 9.00795 8.16484 6.82991 7.79586 6.79669 6.66988 6.77878 6.34101 
11.311 13.9334 19.6978 21.065 19.9133 23.9338 22.7779 18.2845 19.961 21.1782 21.6663 20.2133 22.156 18.8855 17.442 17.1642 19.0026 17.6954 15.6195 15.3119 16.7614 14.648 14.4637 14.1601 14.161 11.0922 10.6779 10.7454 10.8369 8.15643 10.3903 9.19816 8.57384 7.27301 8.22714 6.60172 6.76436 7.38474 6.33489 4.72719 
10.2129 15.7397 20.2779 17.2058 19.5021 20.6686 20.816 18.4437 19.995 20.2666 17.7037 18.7193 17.8892 18.8215 18.6991 16.1443 16.9775 13.8893 15.0275 15.1323 15.5507 12.8657 12.9777 14.4116 12.0748 10.3609 13.8514 10.0716 10.4006 9.45851 9.20415 8.09703 8.39522 7.03546 7.87322 6.97467 6.88512 6.77793 5.79404 3.6148 
9.88549 17.2973 17.7809 18.4046 17.0645 20.098 20.8904 18.8512 17.9837 17.5137 18.3042 18.7014 20.7936 16.9064 14.4561 15.9553 12.503 14.1843 13.2682 13.9452 11.7239 12.6169 10.1997 11.8428 12.4281 12.0161 10.217 11.5966 12.7099 10.499 8.08209 8.99685 7.50085 7.06308 5.73837 8.26304 7.40735 6.45392 5.81947 4.51398 
11.6327 14.9632 15.1773 17.4247 16.5255 17.1942 17.38 16.3771 17.3675 17.7635 15.4074 16.5976 15.8473 16.5873 14.6719 12.7242 14.0394 11.9649 13.5295 13.2624 13.8023 13.4381 13.1386 12.2769 12.5594 10.8544 9.90947 10.4228 10.5238 10.3728 10.4248 9.83344 6.50868 5.96322 7.41932 7.46685 6.97763 6.96278 5.66172 5.1512 
9.3046 12.6381 14.4759 13.1452 14.8644 15.0444 15.4254 15.4456 15.069 15.2436 14.5734 15.6931 14.3554 14.1156 14.2472 13.8185 13.5924 11.828 12.1179 11.3111 13.9815 11.9374 12.377 12.0414 10.4005 8.8201 11.5496 10.1688 10.768 9.85395 9.22727 9.25595 8.26772 7.29937 8.45133 6.11863 5.68545 5.8748 6.6223 4.24598 
9.36298 13.0664 13.4165 16.1704 16.3382 14.7472 17.6451 16.5748 16.1949 16.021 14.7919 15.4673 13.6092 12.0263 12.439 15.3207 14.2004 11.5703 9.98156 8.25996 10.4708 11.5329 12.5676 14.1426 9.57645 9.99351 9.30551 8.29082 10.0988 9.66844 8.44893 7.76314 7.69392 7.45416 6.48866 7.77442 6.58708 6.99933 7.87781 6.62812 
10.8829 9.77038 12.4076 13.7518 13.9397 13.3859 12.4949 12.9798 11.478 13.1674 12.9097 14.0722 12.8558 12.2339 12.3715 13267.1 11352.9 9.60215 10.7015 9.66366 12.4037 11.1079 10.8102 11.5241 9.56055 9.6688 9.6979 9.81889 6.86194 9.54765 9.1325 9.35975 9.07516 8.61191 7.52511 6.87106 5.6799 6.32158 6.4461 5.35229 
9.53066 9.16032 12.873 13.1374 11.7356 12.6585 11.3569 11.8581 15.2766 12.3656 12.3381 14.6677 11.4905 12.905 15.0213 4935.52 851.98 6.15366 6.90841 8.06797 11.084 10.3369 9.9853 8.43664 11.7014 10.9519 10.6538 9.26085 8.35775 8.08439 8.26449 9.43131 7.18108 6.59912 8.11803 6.75155 5.44827 5.66786 5.88132 5.06416 
6.65055 9.8289 11.1786 12.4425 13.0779 13.0895 13.3933 12.9421 10.8545 11.828 13.1519 11.4922 11.2995 12.0234 13.137 4045.71 86.7183 3.75022 5.88747 8.39922 8.73016 7.77801 8.57459 9.01979 8.53113 9.65075 8.38216 8.18633 7.98083 8.10046 5.56382 6.88129 6.55949 6.85175 5.49805 6.04761 5.82063 4.87931 5.2952 5.08887 
5.86659 9.50949 9.89628 9.95877 11.2567 12.973 11.9845 11.274 11.1475 10.2868 12.5468 9.57639 12.4259 12.3193 11.595 3745.42 48.4011 3.34492 6.56925 8.285 8.79953 8.76216 9.24345 7.27334 8.5439 8.98543 9.70189 9.97383 8.23388 7.82985 6.56085 6.01133 6.22822 4.52514 5.90783 5.216 4.78287 5.14302 5.45799 3.96175 
5.4783 7.74539 10.3065 9.28266 10.1574 10.9544 9.41688 11.5843 13.9952 10.893 11.8119 11.3271 11.7678 9.25724 11.8308 3371.89 42.7122 2.81584 3.76028 6.61702 6.47135 8.14108 8.52163 7.85681 8.49568 8.57089 9.20306 10.5638 8.3667 8.36652 7.06003 6.32919 5.41874 5.16677 5.15994 5.73708 5.8182 5.28447 4.63433 4.50099 
5.29919 7.17326 8.52779 10.1095 9.66912 10.8849 10.0303 9.44144 10.9696 11.0511 11.5259 8.73066 9.33943 10.1535 9.70974 3247.9 43.2717 2.67769 3.39057 4.06761 5.32084 6.31408 7.28723 5.94552 7.67762 8.15877 8.00967 7.73677 6.85859 6.79743 5.73492 6.34799 5.90842 4.77568 5.15911 5.23342 5.72984 4.97728 4.80892 3.894 
4.9938 6.73855 9.03942 9.28732 9.59246 10.3048 10.103 10.1097 9.1402 10.2976 8.98071 10.2011 8.74152 10.0561 8.88773 3039.44 42.0593 1.43767 2.81649 3.71441 6.3984 5.19535 6.23285 6.29312 5.76896 6.64006 7.0866 6.43708 5.87942 5.19279 4.97868 6.08614 6.08011 4.2108 5.00634 5.01458 5.48961 3.07782 3.54162 3.12294 
3.98674 6.3259 7.41998 8.08222 7.81367 6.43569 7.8025 7.74405 8.09343 5.7757 6.58678 7.79776 8.20379 11.3115 8.30103 2824.6 25.7406 1.39751 1.70359 2.66128 3.57932 4.32671 3.73776 5.42423 5.70526 6.06833 4.78384 5.31675 5.76048 4.14162 4.95579 6.47724 5.11751 3.90318 5.38517 4.41456 3.70871 3.53092 2.61278 1.92777 
