54.7078 72.2752 80.916 91.119 93.3215 99.3552 99.1995 95.2468 93.3036 92.3807 99.1993 90.2762 90.3085 88.0924 77.4214 72.4186 63.9921 56.8967 48.8095 42.5447 43.3467 39.7044 35.7535 38154.8 2633.69 0.359614 0.25427 0.277073 0 0.116818 0.3675 0.114725 0.138024 0.118315 0.0017221 0.248652 0.0187477 0 0.00216034 0.0137936 
72.3218 90.4234 104.8 111.135 122.834 118.225 121.689 115.46 114.963 110.456 118.879 118.227 112.35 109.543 93.7317 86.5097 79.0514 71.4532 62.3611 55.6109 49.8837 46.3545 46.817 40754.4 2988.99 0.28842 0.0891536 0.342248 0.553967 0.35217 0.313672 0.414664 0 0.143165 0.0789246 0.255546 0.339739 0 0 0.0611033 
84.1228 104.372 123.883 137.443 143.931 136.323 138.559 132.951 124.673 126.959 138.164 142.243 139.609 125.722 108.393 95.6431 84.6595 73.4699 74.7072 62.9869 54.0226 54.127 49.6277 41767.5 3074.71 0.25048 0.487736 0.819052 0.686027 0.727054 0.59502 0.553638 0.41707 0.182044 0.219986 0.362442 0.287895 0.162955 0.118474 0.176132 
86.9885 111.518 135.348 164.878 173.869 152.923 146.469 135.822 132.25 142.285 156.388 174.38 169.716 130.306 105.621 96.4999 91.9031 81.5811 65.5407 61.0069 55.7319 54.5209 53.6636 42247.5 3106.63 1.10593 0.516539 0.67008 0.892006 1.60222 0.720249 0.539437 0.323954 0.607969 0.275517 0.335815 0.201883 0.105946 0.0414197 0.111688 
82.4288 109.702 135.872 161.748 174.802 151.713 145.07 135.647 132.047 141.664 154.356 173.469 166.226 140.787 117.44 103.814 90.6848 84.6589 71.1417 67.2448 56.9593 54.0502 51.6887 42160.3 3225.03 0.838206 0.709359 1.15835 1.23902 1.37077 1.20403 1.06193 0.866896 1.08417 0.616432 0.388154 0.0416914 0.221642 0.22638 0.404348 
80.3731 105.691 126.237 145.939 146.301 149.561 142.762 128.297 131.739 140.674 151.164 153.964 143.77 124.262 116.319 95.5548 85.8142 77.3347 79.0938 72.4967 62.1968 57.6643 52.8437 41669.2 3096.58 0.972437 2.03644 2.2575 3.04142 2.08506 1.21567 1.57711 1.15596 0.996739 0.908863 0.771683 0.432088 0.652236 0.503705 0.264485 
82.3912 104.66 118.055 125.07 132.934 135.013 138.054 129.235 121.39 125.038 132.626 131.61 126.212 120.929 111.368 93.9223 92.0947 81.175 64.9666 65.2043 61.9789 58.8773 53.5046 40473.2 3066.27 2.57545 3.30367 2.97645 3.91054 2.43956 2.6461 3.33693 2.26631 0.994951 0.975091 1.7495 1.19245 0.163497 0.524817 0.0970921 
77.906 92.9031 105.821 113.69 118.686 121.116 127.12 118.636 118.076 115.735 118.084 117.695 115.109 106.981 100.319 87.3616 76.2129 76.4803 69.7597 63.044 58.0117 53.7034 50.0998 38243.2 2582.66 5.44164 6.76814 6.72759 5.49699 3.83041 4.41577 3.2304 2.33149 2.1689 2.40965 1.6208 2.1349 0.960671 0.573879 0.285976 
72.4299 88.2003 94.8679 98.7648 107.079 112.819 116.487 114.717 110.267 110.325 111.797 102.432 102.947 97.8859 86.9584 80.5381 76.1907 71.8669 62.263 60.422 55.4196 49.2242 45.3278 33.7264 24.6787 17.3957 12.6541 11.7527 8.06809 7.40636 5.78412 3.6176 3.6885 3.67015 2.51256 1.57217 1.30703 1.44371 1.74239 0.597413 
62.8338 77.0111 84.677 89.4444 102.291 95.096 105.244 103.392 101.629 106.097 95.5258 95.5853 89.3339 84.1898 84.6729 74.102 73.2795 72.2022 63.0512 60.8929 50.7995 44.7383 40.3551 34.4164 30.792 24.203 18.0815 16.7225 12.9953 10.135 7.17881 5.38514 4.94472 4.97848 3.47339 2.81621 2.40568 2.27929 1.97646 1.40797 
56.6371 71.0999 79.7947 83.7969 89.1288 90.5523 91.6575 93.5859 88.8227 92.4581 89.8934 90.4559 81.6383 76.9933 78.1516 74.5643 68.7387 62.1329 59.7266 54.3894 49.5654 42.3198 37.7144 32.8153 29.3481 25.6461 22.9509 21.957 18.094 14.3605 12.2218 9.82251 8.45658 6.14512 5.65438 4.63667 3.45203 3.47604 2.9481 1.78886 
48.1812 66.9695 71 72.4809 80.1404 81.2566 84.2961 81.2354 88.8588 85.3312 78.9706 82.4537 76.894 71.6967 73.7048 69.1118 62.039 58.1825 54.7022 52.9426 46.0891 41.6409 35.3255 29.3332 31.1021 26.6483 23.9598 21.5782 18.3809 15.7794 14.6589 12.332 10.078 7.86642 6.29324 5.34523 6.35643 4.29027 4.22088 3.55456 
51.4931 55.8752 65.3228 70.0708 75.5607 75.8844 80.0197 77.2112 77.9305 73.7413 72.03 73.5179 70.0411 69.8354 64.7488 63.3957 56.7106 56.6533 52.7033 48.35 45.9793 38.0557 34.0139 34.8198 32.371 25.8806 23.9614 23.5416 20.3151 17.8862 16.0226 12.4452 13.3857 10.4291 9.85445 7.18193 6.52086 6.96693 5.76003 3.31383 
41.2576 53.1567 60.5465 66.1259 68.798 74.4673 74.8131 71.249 66.8732 67.2283 67.8077 65.9518 62.8631 62.4243 62.3105 53.778 54.5442 52.3933 53.3796 46.6452 43.9064 39.0221 33.4133 31.7628 26.9095 25.1513 23.6314 23.1649 21.0855 18.1536 17.3154 16.2198 13.9664 11.2862 10.7941 10.8493 10.4072 9.13919 5.69639 5.37313 
39.2285 43.404 53.864 55.0025 62.4258 63.7929 66.478 64.522 60.0548 63.5692 61.3518 57.5933 61.9384 55.1406 51.0876 50.7019 47.3058 45.5894 44.9818 40.6854 41.7916 35.9671 32.2162 32.9894 27.7299 25.4756 23.5466 25.6508 22.0667 18.5302 16.3267 14.8089 12.7674 10.5456 10.8279 9.97221 10.4017 10.3995 9.15814 6.24276 
32.784 43.0498 49.7082 48.0758 56.3648 59.8227 60.2942 56.5435 56.4734 57.4284 54.7255 53.6958 55.5852 50.666 47.8198 48.1298 45.2994 43.8626 41.3086 38.1567 35.1212 33.3386 32.6763 31.1713 28.6823 25.754 24.1727 20.5862 22.2153 19.4319 17.1662 13.831 12.9945 13.557 10.9452 11.693 12.2702 9.19048 8.46758 6.46026 
32.4672 38.1571 46.3 47.2615 50.3092 52.1484 49.504 52.3245 54.9535 49.6566 50.7325 48.888 46.5637 47.1115 42.3437 42.4075 42.6414 37.7078 37.3035 31.9918 32.802 33.722 30.0433 27.8777 25.9544 24.8111 25.2731 19.7973 19.2037 18.4734 16.3242 17.0955 14.4902 15.9274 13.1833 11.9622 12.5171 10.0843 8.2684 7.00527 
27.8752 35.4112 39.9723 42.36 43.7048 48.6281 44.9074 44.9615 47.8418 47.0008 47.2535 45.6662 44.9084 42.5365 38.2677 39.9881 40.5624 34.644 37.1496 28.7581 31.2596 30.2613 29.6609 28.8163 26.645 24.3919 23.091 20.968 19.4606 19.6423 17.7487 15.2528 14.6349 13.7411 12.2787 11.7924 11.0693 11.5702 8.33367 8.67984 
25.0431 28.0215 38.0293 36.7839 36.905 41.3241 42.5404 42.5036 47.5083 44.8346 41.7591 39.1012 39.3051 37.082 37.1474 35.3662 33.3999 33.3124 31.3212 32.3547 28.0354 26.2094 27.8878 25.678 23.5312 26.0328 22.1541 19.4558 19.8256 18.8838 14.4202 16.0215 13.5595 14.8078 14.012 12.177 11.8159 11.9525 10.0269 8.46381 
21.8214 28.4532 33.086 32.0252 34.8515 34.8493 39.1639 42.0908 41.6774 41.4113 38.9103 36.7789 35.9616 37.2718 35.3615 31.5304 30.0019 32.5147 28.7775 27.6493 28.4703 27.0427 26.0794 23.5009 22.362 21.3049 19.0307 20.1877 20.659 16.9833 14.8794 17.3556 15.2372 14.7262 14.8184 12.2711 11.5247 11.9769 9.97221 6.75768 
22.8894 28.0978 33.3564 31.9096 32.8401 33.362 34.1162 37.1953 37.8721 32.8693 35.6799 34.1108 31.9831 34.1688 31.4577 30.8697 27.9222 26.4445 23.2779 24.0766 26.2264 26.1281 20.5977 19.9633 19.986 17.7999 18.1908 15.9795 17.8616 17.9203 14.6037 14.3874 13.3095 11.8953 12.8376 12.5148 11.1917 10.2405 10.9193 7.7307 
20.4205 27.4687 25.5471 30.2526 30.7003 31.6156 32.1079 35.8795 32.7408 32.8448 27.5794 29.7206 30.2479 31.7063 30.4036 26.9061 23.5464 22.01 24.8692 23.9868 25.9072 23.1921 21.0681 20.5327 17.8777 16.9899 17.9943 16.6552 14.6382 13.7287 14.5533 14.075 12.7174 11.8359 11.9006 12.4281 11.1019 10.6779 10.8728 8.96006 
17.6762 24.071 23.298 26.6469 26.852 26.0565 29.7234 32.8421 31.5282 28.336 25.0302 28.4478 24.276 25.0221 26.7698 26.044 22.3144 20.7608 25.974 24.6984 23.6492 20.6982 21.2368 20.1086 17.5515 17.7838 15.3705 15.0725 16.3843 15.1966 13.8655 14.2449 13.7505 11.8114 10.5271 9.47454 8.34827 10.8465 11.3043 7.12001 
13.9245 19.2285 25.2081 25.2012 23.8411 24.9817 24.5545 26.5508 26.6788 28.4503 24.9171 25.4437 24.0333 24.479 23.5286 22.7476 23.7144 21.225 20.697 22.5014 21.6494 19.6394 18.3155 18.8931 14.9829 16.1594 17.3391 15.2527 14.4633 12.9806 13.3367 11.94 12.0502 11.7486 10.1056 8.1908 8.09589 8.98239 10.8665 8.03935 
14.7025 16.5083 22.2379 21.3958 24.0064 23.3808 25.6324 25.8135 25.0766 24.8475 24.8503 23.4977 24.9319 23.1576 23.1996 22.8135 20.7532 20.1738 20.5985 18.7858 18.4154 20.0226 18.3318 16.1393 15.9565 16.9357 17.6433 15.2303 12.6128 11.0837 12.3066 12.0953 14.1824 10.4805 11.2685 9.11162 8.86358 7.97547 9.096 7.65271 
12.7725 17.8479 18.2601 21.8138 22.2568 21.8265 22.9735 23.6298 20.4526 21.999 22.7942 20.6878 21.9155 22.5495 22.596 22.909 22.6199 18.8673 18.3537 17.1242 17.5971 18.8816 16.6418 14.9236 16.462 14.2868 13.9374 12.4834 12.0304 12.988 11.6907 10.2834 12.0646 10.4606 10.9976 8.78713 10.3797 8.67246 7.2464 5.26331 
11.8607 16.4861 19.2373 20.9939 19.9202 19.7517 21.7041 22.5061 20.7807 22.4396 23.8772 20.7265 22.7575 21.896 21.7174 20.9152 20.8556 17.3156 16.8592 17.558 17.0724 17.2712 15.6301 13.8684 15.9823 14.8529 12.9368 13.7581 13.5159 11.3236 10.5495 11.4139 10.7187 12.3115 10.2259 10.2169 10.2534 7.29842 7.82696 5.23513 
8.85382 16.12 16.6264 18.5425 19.4978 22.7206 19.5211 20.0611 20.2522 19.0828 20.2242 21.7048 18.6074 20.7887 19.8308 19.9463 18.4644 16.7492 15.024 15.8694 16.0258 15.3522 15.6253 13.0313 14.3745 14.167 13.0831 13.4512 12.1132 11.7555 10.6444 10.5635 10.3363 10.9072 8.58199 7.87057 8.73909 7.48994 7.70812 6.84372 
10.2534 15.5323 15.177 17.3457 16.9988 19.9792 17.6295 19.2575 20.3629 19.2736 19.0359 18.9545 16.8974 16.0596 16.5995 15.6742 17.2747 15.4976 15.3394 15.9014 13.397 14.0968 11.8605 11.7947 15.7432 14.4937 14.8102 12.912 11.9183 9.27889 11.1202 11.1738 9.476 9.42025 8.09607 6.60219 9.2257 7.31078 6.72589 7.1686 
11.6077 10.999 14.4867 14.8016 17.0877 17.436 19.4389 20.8874 17.1138 16.6828 16.2875 15.7632 15.1093 16.2362 14.623 16.1436 15.3565 16.0439 14.0364 13.3008 14.6016 10.4997 11.9716 12.2462 11.4596 14.0071 12.2487 13.0925 9.41612 8.58396 9.46156 9.54781 8.71419 10.202 7.19938 7.528 7.17547 6.0351 7.01984 5.97114 
10.7152 12.3728 14.1633 14.0664 16.2657 17.0395 16.4455 17.2585 15.5607 14.2918 16.987 13.4881 14.5287 17.0012 16.8473 15.7607 15.845 15.2813 13.6171 13.9415 12.2897 10.0414 13.4644 12.8242 10.4989 11.1298 11.2974 11.4991 10.1802 10.5408 10.7993 11.1101 9.82108 8.58227 9.53122 7.06069 7.03588 6.40642 7.96355 5.81813 
9.61539 12.5452 10.6441 14.6004 14.1539 14.8435 12.5584 14.6737 15.7905 16.176 16.0567 14.6326 13.4042 15.5195 14.1697 16.3708 16.4707 15.1682 11.8254 12.9386 15.4441 12.3712 11.6468 12.274 10.2641 10.6506 10.4728 8.83356 10.108 11.7044 11.9761 9.42931 8.76966 7.9556 7.65745 6.95606 7.5691 4.82886 5.26541 5.50614 
6.6498 11.8285 12.2176 12.7778 12.8558 13.8716 10.1984 12.2373 15.9071 14.8656 13.0758 14.8596 15.2636 14.0543 13.0074 14049.6 12743.1 11.3019 10.7146 11.7519 11.6166 11.4103 10.7756 10.6992 10.7407 9.44534 10.0663 11.0882 11.0014 10.4872 10.1226 10.1206 7.73789 7.48976 8.73955 7.97198 7.04039 5.71916 6.60682 5.94932 
6.87873 11.4714 14.6854 14.3496 12.3746 12.6062 10.6842 11.5884 14.6179 13.4228 13.2262 15.3664 12.9194 9.44216 12.2413 3694.6 1035.42 7.07671 9.54001 9.10866 9.09317 10.4455 9.77616 10.5902 12.0516 10.413 10.0358 7.25503 10.3592 10.6618 8.63824 9.08535 7.31267 7.08128 6.9212 7.67284 5.14217 5.41298 5.54167 6.01915 
6.32533 10.4188 11.9344 13.0786 9.0645 12.2763 11.352 12.9669 16.22 12.3792 12.0978 13.8155 12.9768 10.4914 14.3149 2704.36 102.137 4.89505 8.74034 9.27054 9.81671 10.8144 10.3214 9.96897 10.5026 8.78822 8.63032 8.75057 8.2468 8.13315 8.94122 8.1863 7.32149 8.63489 7.09009 7.45704 6.1146 6.32673 5.83234 5.19252 
6.6057 8.20277 8.80922 10.0499 11.4513 12.0894 9.58122 11.6604 12.3054 10.4495 12.6328 13.0266 11.4251 14.3697 11.3607 2509.85 53.6876 3.3109 6.2162 8.59555 8.15898 7.41047 8.80465 6.3911 8.88825 7.43405 8.59002 9.47192 8.34604 10.2862 7.5106 7.78136 7.47472 6.82261 7.02983 6.99272 6.67806 6.41862 7.625 4.87773 
6.43275 8.76211 9.74803 9.98773 10.7065 12.5504 9.48771 10.2975 13.151 13.0071 12.7905 12.3912 8.99906 11.0507 11.5054 2301.38 42.9515 3.78642 4.81402 6.6276 7.56111 9.40121 8.04346 8.21464 7.63091 6.0699 7.04148 9.36593 8.75474 8.46171 9.41437 6.86799 6.51977 6.60514 6.53498 6.02282 6.24098 7.31718 5.56121 4.54564 
4.38966 7.23848 9.25312 9.77558 10.182 11.1941 11.5307 10.2921 13.2699 11.1374 10.9413 12.5114 9.97466 10.0814 8.79835 2116.09 39.0509 3.04162 4.03302 6.37288 6.78241 8.57604 8.93426 8.80041 9.5389 7.27187 6.94007 6.90999 8.97445 5.58995 6.18345 6.62974 6.36327 7.62098 6.41693 5.4403 7.03889 5.69379 5.38583 3.05154 
4.11147 5.58476 8.43863 8.35748 9.12545 9.73316 7.80281 7.63915 9.71277 9.42158 8.3543 10.682 9.98955 12.1044 11.1846 1928.56 32.1093 2.34299 3.73017 4.78813 5.67862 7.87789 7.26207 7.88831 7.4307 6.61179 7.30962 5.83094 6.19838 4.94827 6.19498 6.67098 7.62537 6.80901 5.09846 6.50483 6.39006 4.82116 5.15632 3.62176 
4.54355 6.1364 7.31374 7.38763 6.21459 6.69478 7.54096 6.33262 8.02858 8.51881 8.4226 6.92625 9.79013 9.91961 10.1216 1698.29 27.7213 1.79239 3.3341 4.52393 4.84378 6.26171 6.27495 6.52561 6.78743 7.12595 5.53601 6.76032 4.28797 5.862 4.09435 5.46321 5.23175 6.28602 5.33798 5.43773 5.07872 3.5747 4.48211 3.94796 
