47.7291 55.8481 72.985 70.9401 76.6447 73.9085 71.4485 68.0684 68.602 66.2537 60.3631 63.0169 60.7198 60.5767 65.5043 67.735 70.5854 74.3039 77.7432 76.369 78.8127 77.7486 82.504 66531.4 2898.43 0.0110378 0.197761 0.32758 0.354317 0.569713 0.118797 0.140878 0.11391 0.0642095 0.0385684 0.131739 0.32979 0.106548 0.00119691 0 
60.7554 74.4328 88.6737 93.9989 96.7187 91.3943 90.9869 83.7388 78.8689 76.756 79.2038 72.914 76.973 76.7124 76.6599 79.6353 86.9222 95.2109 103.077 94.2112 102.92 103.404 102.839 87033.7 4434.34 0.508377 0.423586 0.521572 0.322715 0.449192 0.109089 0.163987 0.198151 0.158532 0.0785664 0.151284 0.144672 0.194866 0 0.0115256 
66.3299 85.8975 100.85 110.775 120 112.693 94.846 93.288 85.1859 86.5521 85.9603 84.1389 84.9821 85.1053 86.7239 94.4525 95.3366 106.364 110.926 120.581 126.43 126.595 114.218 108019 6011.5 0.112091 0.376998 0.350328 0.475813 0.31868 0.180673 0.6915 0.456832 0.848244 0.232565 0.309828 0.199124 0.40092 0.0904113 0.0430812 
69.9512 99.1931 115.313 142.843 147.707 122.787 106.334 101.217 92.0481 92.3572 81.8993 84.5102 85.8853 86.6383 89.2518 96.1043 105.769 108.229 124.271 147.701 151.025 127.695 121.774 123055 7254.91 0.667649 0.823435 0.717819 0.456246 0.544123 0.344457 0.490094 0.605665 0.848259 0.39064 0.440644 0.341832 0.245453 0.178088 0.12892 
78.8014 97.0754 118.652 149.783 139.104 123.147 109.059 101.833 98.4342 92.8393 85.0549 91.7627 93.0757 93.3272 97.2797 95.8232 105.417 113.282 128.105 153.928 153.796 128.112 123.934 122352 7411.05 0.240612 1.15611 0.904347 2.08974 1.31976 1.21954 1.15201 1.51242 0.948639 0.69358 0.668037 0.35579 0.316254 0.241695 0.0814417 
75.6759 94.8142 111.178 124.756 124.155 114.186 109.017 101.377 100.571 90.0062 87.0251 89.7678 91.4202 96.0493 91.737 92.5407 101.022 110.095 119.338 117.21 131.301 123.795 122.522 108461 6124.84 1.54109 1.10658 1.60706 1.78391 1.84391 1.31925 0.811622 0.913716 0.62454 0.949619 1.05263 0.57984 0.593837 0.200051 0.152617 
67.2597 87.7513 95.892 102.593 101.647 103.615 101.653 96.6267 93.1171 91.2614 87.7557 83.8324 83.9903 87.7176 96.952 94.9557 94.5618 97.3961 111.057 112.379 113.629 109.93 106.164 86737.1 4385.16 1.55326 2.89504 2.5538 2.2508 1.70592 1.7111 1.52133 1.58535 0.93675 0.739403 1.08921 0.850578 0.28338 0.06417 0.190661 
61.0146 69.8462 81.6424 89.2742 84.102 89.6514 87.0654 90.2944 82.2321 84.3326 77.0397 81.6768 82.5552 88.1042 91.2132 87.5052 90.3134 88.8817 103.262 100.907 102.241 99.5964 102.184 66930.9 2915.83 5.09385 5.93946 5.59219 2.42353 2.98462 1.55925 2.4808 1.75059 1.81192 1.40496 0.812886 0.651405 0.645449 0.409733 0.39536 
52.2128 63.441 72.6556 80.0942 81.6247 82.3349 84.7366 79.437 84.8714 82.7226 79.0962 77.3779 82.4932 82.5401 82.3451 92.4641 82.5817 92.6299 91.0809 94.6795 84.4486 86.0888 76.6701 48.1493 21.4368 14.6797 8.56139 7.29832 5.9504 4.56403 3.25069 2.96432 2.12651 2.4613 1.90945 1.13876 0.668306 0.77516 1.20432 0.769338 
53.4883 61.299 66.6129 72.9973 75.4365 81.3564 80.9058 72.6104 73.4297 74.2406 75.3132 75.0033 81.664 78.7999 72.8368 74.9511 81.869 78.117 75.8297 80.5401 82.1527 77.2305 68.7586 56.7739 33.7066 22.6312 16.2826 11.3884 8.93657 7.31168 6.29768 3.90639 2.4041 2.12619 2.33335 1.59838 1.3781 0.963329 1.56157 0.50266 
44.8767 59.2579 64.4643 64.0297 68.5174 69.7327 71.4054 66.5949 70.745 72.7011 74.0756 70.0376 71.7672 76.0631 67.828 72.2375 72.3908 69.3214 71.4752 71.3018 70.7597 70.9229 65.0107 55.3574 41.8789 28.7945 20.3403 16.7849 12.2312 9.42225 8.56279 6.05646 7.84274 3.83126 3.46753 3.61623 2.95554 2.36154 1.91744 1.59406 
43.4702 54.0175 59.2748 63.514 63.2262 59.767 66.1184 63.1589 70.065 71.2977 65.8608 64.5684 69.031 66.1668 63.6402 65.1013 67.8788 69.9737 66.0165 64.998 67.3237 64.2902 56.6821 54.4654 43.7424 34.0348 26.5037 15.9353 13.2548 10.6139 10.0639 9.06755 7.10869 5.96832 5.81413 5.60674 3.29651 4.00959 2.97922 1.62555 
41.9313 48.3607 52.0338 52.952 56.8428 59.7163 58.3882 56.461 60.6958 58.808 60.4472 62.6092 61.9826 61.8579 62.8557 61.7479 60.9386 62.0622 57.6909 59.7133 57.5515 51.4833 48.5812 45.0525 42.999 33.2424 29.8452 20.1585 16.3124 11.6535 9.81132 10.8369 9.03313 6.85796 5.89196 5.57298 3.92273 4.36823 3.96096 3.06228 
36.4839 44.3517 44.8458 50.2448 52.0005 53.3921 54.1832 52.769 57.4135 60.4663 60.5153 58.2608 56.9104 56.0668 53.4171 54.9925 55.4969 55.649 54.4233 52.5839 52.1931 49.0567 47.4039 44.6967 44.4603 33.1721 29.8469 23.5117 18.5281 13.1743 10.6781 9.96948 8.66358 8.18208 4.97776 3.98168 5.76917 3.81967 3.4351 3.55764 
36.1395 38.9977 44.797 44.1485 44.8214 47.3448 47.5838 48.6713 50.5261 50.1862 53.5085 56.6715 53.5672 54.2601 53.3793 54.1729 56.9314 57.2517 49.1659 48.3768 51.1217 44.9938 47.3945 43.3593 40.1553 35.1216 29.1488 26.5425 20.9897 14.069 10.4738 8.77637 9.0603 7.20528 5.62961 5.62431 4.68262 5.23666 4.32096 4.55836 
31.3443 36.8392 41.0032 42.1968 45.986 46.861 46.7672 46.1126 44.6774 51.5131 45.7863 50.7107 49.2631 49.6038 50.9405 49.2805 49.7908 52.6173 49.1465 42.0372 48.8591 45.068 43.3278 40.6865 36.533 33.4578 29.4848 25.8971 21.308 15.758 11.8555 11.5467 7.85138 7.941 6.08295 5.25146 5.03917 3.6632 3.43892 2.7129 
27.9823 33.2675 35.8928 37.177 42.6066 46.749 46.4836 47.035 45.803 45.2103 44.217 47.8293 45.9788 43.7083 42.6131 45.1744 41.9648 42.1865 43.3741 41.0695 39.1171 39.6507 39.4501 41.8483 34.463 34.307 30.9342 26.9901 24.456 19.293 15.3835 13.9496 9.59366 7.20539 5.60448 5.63089 4.60272 4.00506 3.66083 3.33721 
24.5537 27.4092 32.3273 35.2541 36.8602 39.8252 37.0819 38.6879 40.5622 42.9082 42.2413 43.6915 44.4841 43.8442 39.4468 41.7434 37.5817 40.3241 39.3833 35.9378 35.7965 38.6376 35.2905 35.1081 31.3985 28.6867 29.5163 25.981 22.0857 21.9794 14.5694 11.7728 9.58315 9.55974 6.09284 6.24315 4.41205 4.42326 5.51498 3.21289 
18.2274 24.6034 30.6025 33.4198 33.9088 36.906 36.8268 33.32 36.0781 38.4655 35.4682 36.8382 39.9861 38.1669 38.6283 38.5491 36.6006 35.0468 33.6711 34.3813 34.3676 34.2308 31.9572 31.2661 28.5303 27.9526 25.5429 22.4897 22.0787 21.8391 15.9837 14.2604 9.58485 9.87088 7.07613 6.45045 5.61116 5.32922 5.81644 3.67155 
19.0539 21.1434 28.0197 29.6911 34.2001 30.8876 35.0485 36.5064 37.2941 34.7166 33.2172 33.7614 36.6801 34.1522 34.0112 34.2103 34.856 33.1995 32.8426 28.9375 30.2192 27.6603 28.288 26.5796 25.8116 26.9165 23.9842 21.2652 19.1844 20.5288 18.8372 16.0675 11.4114 10.0926 8.57866 5.28462 5.73545 5.90748 4.96839 3.54841 
18.0447 22.1257 20.7891 24.5893 28.759 26.0734 29.6002 31.5464 28.9229 32.5559 27.4133 26.3281 33.8209 34.0881 30.3288 32.0621 32.9659 31.4998 29.9454 29.8924 27.4818 27.633 26.6055 27.8945 24.5357 24.8332 23.9176 19.9661 20.2357 17.8058 18.1393 14.7599 13.2275 12.7642 9.84042 6.66685 4.56613 4.2584 4.33774 3.13804 
16.0822 21.2693 22.1675 24.1119 23.5165 25.2853 26.9517 29.0262 30.2144 29.5469 24.694 27.1492 26.4305 29.6213 26.8313 25.46 28.0472 26.8036 29.1459 26.3068 24.5162 24.7074 22.5375 24.649 22.0309 25.3783 24.7136 20.2346 18.6249 17.7627 16.8213 15.0622 12.2216 11.6855 9.18416 8.10826 5.85851 4.95849 3.5499 3.23928 
15.0304 18.7236 20.3653 22.614 24.1197 23.7547 27.1766 27.1595 26.1765 24.8539 21.9826 25.6199 26.1198 27.9319 25.3841 26.0793 27.5129 24.9458 26.0864 22.858 21.6985 20.6473 23.6487 22.9433 19.6897 21.7451 22.9009 19.9668 18.4793 17.2443 16.3118 14.6566 13.0639 11.6231 9.26914 9.94201 6.58492 4.33679 3.95348 4.10122 
13.1924 16.7851 17.7731 20.4003 20.9804 24.3033 21.5859 19.5407 23.4378 23.7832 21.3803 22.385 26.5737 26.6893 22.5283 25.2633 24.1806 21.3969 23.7884 22.3417 20.8962 20.2814 18.2214 21.045 20.3661 20.6469 19.8463 18.7257 17.8767 17.4842 15.2909 14.0226 14.5726 12.147 10.9452 8.51693 7.16744 5.22661 4.16191 4.57595 
12.6561 16.7032 17.4348 17.3206 20.0689 22.0528 22.1303 19.681 23.437 22.72 23.7203 23.6073 22.7218 24.4404 23.6007 22.8737 22.0558 19.5884 19.7821 19.541 21.1472 21.1003 18.3155 19.9177 19.448 17.7287 21.4991 17.6422 17.4898 15.2283 14.5315 13.3524 12.3713 12.511 9.73095 7.89253 8.40194 6.97981 5.13849 4.77562 
12.5288 13.1627 15.5501 18.4138 18.7016 20.1578 20.5139 18.537 22.3902 21.3961 18.8312 22.8139 20.9013 21.9314 22.4314 20.7485 17.9017 20.7559 17.2822 18.4071 16.2616 18.8875 21.4646 18.7806 18.4872 17.7589 16.7207 16.4677 16.5129 15.5051 12.8613 12.8963 13.876 12.9076 9.97754 9.65552 7.63372 8.78756 5.87423 4.22131 
13.5507 13.1607 15.5989 17.7013 18.9585 19.1138 19.104 17.8725 18.897 17.8439 20.087 16.0207 22.1992 21.34 22.1926 21.9131 17.4052 16.0563 17.3539 16.5766 13.9336 15.8799 17.1042 14.8786 17.2434 15.7676 17.6416 14.4554 15.2642 12.2064 12.9565 12.993 13.4766 11.7534 10.8739 9.92999 11.0673 8.99634 6.60041 4.33392 
10.9296 13.9759 13.5498 16.4503 16.3612 16.2249 16.154 18.21 19.0078 17.317 19.0584 18.0799 20.2047 20.3137 18.2839 17.9818 16.2444 15.7177 16.1874 17.3375 13.9845 14.5899 16.8905 15.508 17.5753 14.7724 15.4746 14.4448 15.4392 14.6249 11.9634 13.9157 10.733 9.47707 10.358 10.6743 11.514 9.20316 8.06949 6.37205 
10.2998 12.3815 13.8273 14.6609 13.9645 14.7443 11.5455 16.9307 17.3104 18.4333 18.6406 15.2533 17.285 17.4066 17.6516 16.6725 15.991 14.8862 12.9869 15.7348 16.5697 16.2067 14.9071 15.7595 18.5318 13.9278 16.0328 15.5901 14.1529 13.6262 11.6998 10.9415 10.7212 12.1623 12.1434 10.8746 8.88909 10.3735 7.56371 6.39594 
9.84768 13.0956 14.0659 15.1408 16.7074 15.8448 14.8465 19.105 16.9171 15.8068 14.2022 17.8943 16.8286 16.1126 16.1923 13.7224 16.3015 15.6258 14.071 14.4127 15.5477 12.9952 13.5686 16.9228 13.0956 13.9039 14.6099 12.9514 12.0524 11.6799 11.8085 11.8664 11.8203 10.0095 8.92003 10.7262 10.5558 7.66506 7.95759 6.09772 
8.64503 10.7259 13.8107 13.118 15.6607 13.7713 12.8614 13.2602 15.31 15.9229 15.0993 16.0014 16.0447 14.7493 18.3359 16.0393 14.0529 13.9598 11.9981 13.4316 14.9875 13.5829 16.6428 12.8951 12.8793 11.1488 12.6607 11.7032 10.7293 11.5665 10.8168 10.4643 10.4129 12.0315 9.60532 10.551 8.68258 10.052 8.23366 7.23744 
7.02171 9.88192 12.2466 11.2833 12.5424 15.9307 15.2464 15.1741 12.5608 13.2701 13.0574 12.8389 15.0191 14.9485 17.4326 16.8489 17.5455 15.0375 16.2933 13.4997 12.149 15.1587 12.3681 14.1234 12.549 13.2067 10.8188 10.4107 10.0054 10.7653 10.2297 9.69381 9.5689 10.9171 7.52721 7.62013 8.38957 9.53694 7.48715 6.37159 
7.99058 10.7105 10.6692 10.948 11.1522 12.999 13.0242 14.0872 13.6784 16.3239 13.9418 14.1968 15.173 13.2411 13.6767 13692.6 13146.7 13.3573 12.8424 12.834 11.9187 13.8243 12.5754 12.7446 11.105 10.3968 9.19813 9.48408 9.12243 10.6038 9.91398 9.04057 10.7039 11.0043 9.07226 8.93998 8.87027 8.7203 6.80198 6.79526 
9.27569 11.0026 9.29904 9.03235 9.38252 11.4683 12.4521 12.2781 13.5019 15.2052 14.4377 13.0853 11.8393 11.213 13.1992 3029.88 1623.68 9.54688 9.56773 9.96877 11.0424 11.7498 11.8193 10.1483 8.57965 9.61041 8.99164 8.26907 8.9114 9.54387 9.49276 8.30435 9.23067 11.9328 8.29742 8.15308 7.2995 9.08998 7.33685 7.05599 
7.31764 8.61842 7.94883 9.46636 10.8349 11.0138 10.0042 12.2354 12.1917 12.0933 12.8615 11.5695 10.7835 10.0496 9.66421 2084.76 642.579 9.2097 8.89002 10.1139 10.7827 12.8378 12.0538 10.1275 8.07591 10.2189 8.24328 9.72146 7.59044 8.09663 7.93049 8.25861 8.13066 8.75615 8.65852 8.13763 8.5389 6.21539 8.33318 7.01101 
5.24016 6.75836 10.2807 11.9608 10.4109 10.5538 9.05086 11.495 8.94172 10.7772 11.7385 12.2165 12.1452 10.4254 9.30093 1870.59 564.185 8.15927 8.41674 10.2342 9.29849 10.4795 9.24839 9.49204 10.1911 10.0539 11.1218 9.69886 10.942 8.31241 8.67351 8.99638 8.73505 9.37354 7.30945 7.76136 7.44116 8.20198 6.63713 5.20736 
6.62502 8.38901 7.68653 8.83001 9.42817 11.2743 10.3854 10.1111 11.0161 8.43689 10.2851 10.948 9.36303 9.3723 6.72131 1838.09 575.123 6.54198 7.55599 9.14886 9.70257 8.91936 8.79432 8.6996 10.0742 8.9041 9.22733 7.98304 9.12242 10.1277 7.15381 7.41972 7.17795 8.66868 5.96984 7.38918 7.86974 7.85258 6.94769 4.93477 
6.69519 6.02022 9.47462 8.63692 8.2296 9.43245 9.66316 9.31381 9.11015 8.99449 9.39764 9.85403 9.0743 8.6934 6.1639 1708.93 498.098 6.41925 6.13543 7.10124 7.73301 9.32476 9.05033 9.28798 9.08694 6.48848 9.43711 7.85444 8.63563 7.30338 6.14906 6.66448 6.63944 7.51066 6.91079 6.13615 7.02962 5.74598 5.21643 4.92129 
6.59979 7.55119 6.69716 7.41451 8.23285 8.78012 8.61597 9.39165 9.64944 10.7779 10.8999 11.2629 7.86097 8.59843 5.85336 1572.29 449.464 4.36411 6.52579 6.43705 8.69595 8.09768 8.71494 7.78009 8.48229 7.59227 9.23434 8.12986 7.36376 7.23967 6.56043 7.24568 7.28235 6.58118 5.68406 5.81549 6.19928 5.28838 4.68693 4.10689 
4.61608 7.02862 6.97224 6.30602 8.03606 6.66734 6.74072 8.49711 7.61977 8.97883 9.30939 7.33136 6.43401 6.80494 5.40685 1344.09 431.61 4.42337 4.88917 5.94307 7.09316 6.14225 7.19572 6.17845 7.18131 7.76436 5.98999 6.35873 7.7904 7.33362 8.30366 6.38764 6.61119 4.48832 4.54138 5.02831 4.76352 5.95199 3.91041 4.05697 
