40.2709 55.8041 59.7806 59.6785 58.372 59.9605 58.2346 47.6589 45.0113 40.5304 35.7111 32.234 29.4168 22.8307 24.0683 22.345 15.4057 14.585 14.4539 13.4936 12.3696 10.8175 9.58929 14438.2 55077.5 73.8642 68.8004 72.315 68.6407 65.1899 56.8766 55.9457 47.8509 43.5463 39.5406 32.7322 28.2217 24.3416 21.5862 17.2152 
52.8616 64.469 78.3127 81.269 81.5427 77.3275 68.6676 64.0553 58.0601 48.0246 41.3589 40.483 36.4202 30.3317 27.5343 24.555 21.5041 21.5314 21.2554 18.8803 16.3011 13.7844 14.3245 16609.5 75147.4 94.1522 90.3682 89.9001 94.3321 79.2103 74.6155 65.2366 57.4991 46.4844 46.3122 40.6197 33.1608 33.2243 26.811 19.6022 
55.0652 73.0037 84.3428 99.2905 97.2956 85.0318 76.1487 68.1028 58.8011 49.0934 43.7582 39.3473 38.5911 33.6057 30.7204 29.075 24.5548 22.3464 20.368 19.4291 16.659 17.7774 15.6011 18395.9 96440.4 101.587 111.195 112.485 105.933 91.5549 79.2125 64.9809 62.6186 53.0922 51.2184 44.7321 39.2928 31.9188 31.4226 25.4663 
61.619 77.7701 96.6633 129.894 123.431 95.9262 83.5746 76.5064 67.3066 55.3614 47.5627 42.0484 37.334 36.969 29.9049 29.5 27.4853 24.5681 22.4936 20.5451 19.0236 16.7418 16.3807 19614.7 110740 113.403 119.65 138.405 136.608 105.37 85.1013 74.5939 69.1677 55.5397 51.9301 47.4984 43.2809 36.4384 31.5077 25.8014 
60.5474 76.0357 100.576 125.195 130.781 98.52 85.8873 75.9741 63.7477 52.3344 47.7389 47.0872 39.281 36.0799 33.3996 29.5027 24.5316 25.3556 22.7852 20.8271 21.3954 19.4795 17.5607 19775.9 110744 114.674 123.035 137.406 141.238 106.711 89.2144 80.1011 71.3479 60.0747 53.8446 47.6238 41.9321 36.0377 33.3712 23.1382 
58.4237 74.7423 91.4323 104.066 104.001 89.4573 75.001 67.9141 61.2663 53.9487 46.3874 46.1372 39.3899 33.3181 29.0922 28.7192 25.2608 21.9311 22.1156 20.0409 19.698 18.5213 16.2674 18602.1 96013.6 105.362 106.895 116.76 115.633 101.816 84.6215 74.0739 62.461 58.4523 51.1899 47.0909 39.1848 36.1047 33.607 25.9898 
52.0713 66.4367 82.3226 91.409 81.744 80.9471 75.8261 62.9745 59.7031 55.8735 50.026 44.204 39.0524 34.0841 32.7499 28.467 24.6873 24.7268 21.9781 21.1967 19.6952 19.5806 17.8478 16700.8 74635.2 94.1203 94.6763 98.2689 95.3159 92.3928 78.5553 75.0329 63.9845 56.6638 47.4005 43.2794 42.3625 38.9684 33.6544 28.185 
50.6496 64.6069 68.8043 74.1771 75.7853 65.2313 69.7636 60.8972 58.1881 52.3063 47.0235 43.516 39.0224 34.2094 32.3213 28.4133 26.0129 24.7858 22.8455 21.5582 20.9231 19.7353 17.1841 14669.3 55131.5 89.6578 82.155 85.2434 79.9213 77.2567 68.3979 68.0055 57.2732 49.0759 43.745 40.5624 39.6512 36.3632 33.7435 26.3933 
42.8275 56.0364 59.895 63.0488 63.5935 61.2198 60.6428 55.7861 52.7361 47.3021 44.1394 37.8754 32.4599 31.572 30.4084 29.5563 27.6307 22.0534 21.196 20.7233 19.6938 20.339 20.6468 24.0456 40.0748 70.6104 72.7072 72.7736 72.5082 68.4889 66.2167 59.8511 56.4909 48.8736 44.847 42.9504 36.3873 34.1814 32.5105 24.8183 
43.6971 49.6219 53.7201 56.2687 51.6829 54.2715 53.2118 52.0992 51.4251 46.4896 40.8314 40.1795 36.9481 34.3144 30.8923 27.2457 27.8481 25.0232 20.8645 19.7641 21.0921 23.0666 26.0704 35.7098 50.5282 59.8405 66.32 64.5639 67.711 64.511 58.4548 56.7255 52.1199 45.8997 44.4597 38.8211 33.1495 28.9383 29.4587 22.5249 
37.5354 43.2274 47.7501 52.0842 49.0921 52.6367 48.8922 45.7367 45.7582 42.8208 42.3325 37.7514 34.1073 31.9812 29.8664 28.2207 23.8256 23.9795 22.0569 20.8817 22.1499 26.8837 33.6303 38.6412 50.7909 56.2813 60.4477 60.0045 60.4047 55.9973 55.8079 54.6885 50.1344 43.9542 43.9072 40.1381 35.7427 30.715 28.6064 22.9811 
31.8882 38.7333 44.5585 48.4 47.1018 48.4076 42.4408 43.6331 41.7877 37.1309 34.81 35.5565 32.4262 30.1077 30.9421 24.5274 23.2107 22.7008 23.851 22.2582 26.587 30.73 38.2269 43.4066 48.7765 52.6593 51.3748 54.9353 54.2368 53.8068 53.8106 52.824 45.8222 43.4014 39.0762 37.3981 32.4894 28.5119 30.3472 23.2095 
28.8596 37.105 41.0362 40.1681 41.66 43.3348 37.2556 39.8216 35.3036 34.6745 33.4479 32.7295 30.7527 26.8199 24.611 23.8108 23.1425 20.7425 23.3084 23.3112 27.0448 31.9481 38.4012 43.8297 49.6783 48.6977 48.8603 48.8241 51.3535 48.7716 49.8336 47.4245 42.9462 40.7734 38.508 37.505 32.7896 31.6808 27.5392 19.6471 
24.5531 32.8277 33.4299 38.0391 37.1419 38.8285 36.4436 35.7302 33.1441 33.0104 30.1339 30.3652 28.5927 25.3123 25.7724 24.862 26.3643 24.5194 21.6431 23.9079 29.5138 36.3098 33.5528 38.3349 39.9483 43.6167 47.25 46.3909 48.4685 43.9076 43.6143 39.536 42.7931 40.8403 36.1377 34.5603 32.2226 29.701 25.1689 22.5374 
22.0912 28.6297 32.8646 30.0334 32.205 32.8809 32.6914 32.4504 32.0741 29.5065 28.7239 26.68 26.6257 25.1495 26.4437 24.3699 26.1686 22.4435 22.1633 27.8359 28.5011 35.0775 33.6651 35.7043 40.0912 40.4834 43.0744 45.9477 42.1301 41.8382 39.2718 38.6416 35.3095 35.5829 34.1868 33.1318 32.2606 26.2263 23.511 19.3503 
22.1357 24.9171 28.8608 25.8553 29.0154 31.1338 27.626 25.5468 28.8086 26.9722 26.9269 24.4404 24.4676 25.608 23.7328 21.1641 22.5789 21.0317 22.6082 27.4181 28.1282 26.8959 28.7103 33.9866 39.2692 38.3665 37.9397 39.2444 38.0427 38.4301 38.0704 35.8994 37.3409 33.2746 31.1781 28.7324 26.7811 24.6539 22.8177 17.1563 
17.9924 24.6162 23.2278 24.9867 28.4987 29.6978 26.0418 27.3504 23.8645 26.595 23.8272 23.3415 25.8717 23.9576 20.2984 19.0423 20.292 23.5953 25.4546 27.9049 27.4848 28.2085 32.1422 34.7968 33.7993 33.8407 35.6533 38.0562 38.6776 36.6956 35.0505 33.7173 32.1549 30.7924 29.44 23.8303 26.4517 26.08 23.8666 17.8225 
13.9918 20.4747 23.9706 23.7225 23.7857 26.8099 25.9158 26.7536 22.9449 20.3306 22.1328 20.7943 20.6265 20.0565 20.3275 19.975 24.439 25.063 26.7723 26.7215 24.361 26.2724 29.84 34.3601 31.366 31.9969 32.3021 33.21 31.3487 33.5972 30.9107 27.1841 31.1778 29.5808 27.4408 24.2474 25.1365 24.7725 18.9017 16.7189 
12.2193 18.6585 19.0486 20.5907 20.7055 21.2014 21.3107 22.7022 21.9517 19.2338 20.2773 20.1623 21.3717 18.6008 18.0851 19.9384 24.0845 27.2531 26.5361 24.3276 25.6829 25.1147 29.2281 29.8828 32.5075 32.6032 33.2357 32.7611 32.4608 32.6233 30.8137 30.5695 26.1172 25.9647 25.2419 23.8008 23.5497 19.792 18.0696 15.5926 
12.4712 14.559 17.262 20.2049 20.3699 21.8556 20.6782 21.4691 20.6259 19.5488 19.6213 18.3509 17.1099 20.1181 19.1217 21.1208 23.414 25.5557 24.4557 26.6794 28.7956 25.0418 29.1911 27.7395 25.9064 29.8521 30.0849 30.6335 28.7744 30.4591 26.5582 27.4962 24.137 23.1347 23.7594 21.3577 22.3347 21.5671 18.0845 14.9983 
9.5522 14.1969 17.8458 17.2778 18.1871 20.9129 21.2831 18.6674 18.7453 19.4399 19.007 18.7427 18.8097 16.8198 18.4655 21.3672 22.2187 21.7193 23.076 24.1614 24.4215 24.9565 28.471 26.6322 23.041 25.9502 29.1392 25.3151 25.7166 29.494 25.4712 26.7205 23.0633 22.8229 20.2124 17.9763 17.2787 16.8267 16.5685 15.0127 
10.5569 11.8096 14.343 15.0546 16.6008 16.8532 18.2257 19.4275 16.1368 17.6541 19.0764 17.0938 18.597 19.1235 16.8306 20.857 20.981 21.5934 23.478 22.4058 22.696 24.8983 24.6515 27.079 25.4543 25.0812 25.5609 25.151 23.9975 22.8567 27.2735 21.8233 22.3859 20.982 19.3911 18.2648 17.1354 15.1848 16.9603 13.4236 
10.8449 10.2532 13.4285 16.126 14.8529 16.8483 17.0411 16.1073 14.9719 16.1842 18.6355 16.7441 17.2324 18.0712 21.8092 24.3938 21.0139 20.6184 21.8023 18.8563 22.0202 21.5797 24.3889 23.6945 20.5965 22.3115 21.7842 20.5879 21.7319 21.0812 20.8853 19.0912 22.2475 16.3021 17.4937 18.2081 15.4197 14.9825 15.148 12.1901 
9.33644 11.6339 11.9082 15.0064 12.7402 14.9956 13.4738 13.9912 13.169 16.4999 16.4689 14.5517 17.0653 16.414 18.7393 19.0276 19.0643 18.9391 19.3989 18.2329 20.0044 17.7193 21.0321 23.1038 16.9873 20.5092 19.7412 19.9168 19.1504 20.0484 19.6393 18.2036 18.9895 20.0368 17.1945 15.6105 16.8073 14.5971 12.8954 11.5898 
8.12671 10.4162 11.0442 11.5688 12.636 14.5342 13.44 14.4205 13.8381 12.7813 14.0435 14.9816 15.3645 18.7418 19.2867 17.6894 18.2482 17.4828 18.8025 18.7051 19.4398 17.2836 22.1393 19.0656 17.3621 20.5674 16.627 18.0222 20.8245 18.5991 15.8444 17.1036 16.6694 19.3731 13.9485 15.351 16.9117 14.7746 12.3226 11.4259 
6.3847 9.43065 9.73335 9.61177 11.3247 13.2183 12.1005 12.1375 12.1888 15.1202 14.2275 15.2866 18.421 17.9411 15.4804 18.1162 17.4108 19.6814 16.82 18.6257 19.9729 16.9978 18.3909 17.0011 19.1496 18.0393 17.9661 17.8569 17.3982 18.0521 17.3404 18.0746 16.4784 17.4062 16.5915 13.5019 14.4366 14.8446 12.5038 9.80816 
7.22147 7.91022 9.9011 10.1978 11.9674 13.8785 10.6451 10.3359 11.8512 13.8017 15.0676 15.6252 16.8407 15.3621 17.701 17.2435 19.1529 18.9146 18.6011 18.1782 17.1168 17.3118 18.1536 19.2216 16.8713 15.7949 17.5274 15.6126 16.8966 16.3212 17.9513 17.8532 13.6471 13.1644 17.3763 14.0012 15.1723 12.1756 11.6578 9.21007 
6.18996 8.50792 9.34135 8.36147 10.3416 11.2396 11.1295 10.747 12.4925 14.7439 13.7037 15.9865 15.2423 15.056 16.1348 16.82 16.8271 15.7883 17.0715 17.4912 15.2576 17.2445 15.8129 17.1025 17.4137 17.7829 18.3413 16.2369 15.4369 16.7964 15.1592 16.0538 14.9443 14.9422 14.7641 14.8142 11.2942 12.0183 11.5906 9.23196 
5.10192 8.458 8.1204 9.24399 10.3415 10.7478 10.2484 12.5295 13.4796 14.3198 14.7887 14.4174 13.0072 14.4154 15.2448 14.6972 17.0538 15.5431 13.2597 14.8238 14.9186 13.7644 15.7757 15.8185 14.7188 18.6337 15.2881 15.5448 14.5636 15.0811 13.3985 14.5454 13.3427 13.7669 13.0115 13.003 10.8408 10.7702 10.6144 9.84944 
6.3058 7.37273 6.78168 8.20161 9.54767 10.0281 10.5685 11.1106 12.6447 12.1542 11.4558 12.7773 14.4851 14.4697 13.0237 13.6648 15.5991 14.7794 14.5391 14.8247 13.3016 14.8641 15.313 15.6716 15.1045 14.6168 13.978 14.4136 12.6447 15.3499 14.0602 11.198 12.0179 12.3571 10.98 10.4473 12.0633 10.6158 8.62366 7.16712 
4.40703 5.65174 7.39078 7.16017 8.10583 9.47015 10.6984 11.1155 13.3399 11.6491 11.4397 13.4337 12.9584 14.3892 15.4513 15.732 15.0995 12.9058 16.5441 13.852 13.909 14.6512 15.4937 13.7141 12.0774 13.8882 13.0899 14.0153 12.8618 12.4575 13.3493 12.5473 13.2503 12.4559 10.4639 10.9677 11.2727 10.6141 7.03722 7.65353 
3.93539 6.79792 7.5262 8.0336 9.31741 9.98158 9.94863 11.6476 12.3944 13.6369 13.5968 12.0273 11.617 13.0463 12.7407 12.4723 15.5568 16.2094 13.0707 12.9917 13.5438 12.4468 14.1424 13.4892 12.4464 12.6349 10.966 10.7897 10.4087 12.3433 11.0599 11.7099 11.3078 13.2433 9.37707 9.96371 9.54064 10.4683 9.15111 7.96638 
3.06997 6.60255 6.75442 7.25406 6.8912 8.78025 9.35779 10.1627 11.8658 10.3967 14.1312 12.9207 9.86393 12.5303 12.6125 12481.6 12709 13.5101 13.5351 12.1284 11.169 11.0136 13.7994 13.5131 13.0374 12.0247 11.5286 10.5848 10.2134 10.2618 10.1135 10.5145 10.3136 10.6439 9.69924 9.78391 9.07437 9.75112 7.41971 7.41052 
3.39319 5.65537 7.96985 5.78656 7.09969 9.1179 9.29302 10.4748 13.2274 10.1022 13.1773 13.3107 10.8657 11.2822 9.54358 2866.28 2892.35 9.55242 10.9643 11.9943 11.202 11.2928 12.8044 12.8429 12.1231 13.4514 11.5572 12.6755 10.7118 9.95086 9.779 11.1644 10.6612 8.52493 9.5135 8.59385 7.46416 7.63294 6.21474 7.18868 
4.96689 6.20145 5.71793 7.36089 9.14786 8.86408 8.96334 9.13447 12.2828 11.1618 11.6255 11.6355 11.4059 11.8223 7.52977 2109.86 2117.73 7.92747 8.07408 10.7291 9.75909 10.3993 10.8529 10.0071 10.3508 12.5419 9.71016 10.822 11.0707 11.351 10.5271 10.2933 11.8469 7.65446 7.91291 9.21749 7.11722 7.03893 6.5974 5.83622 
4.28584 5.61183 7.12031 8.18033 7.48772 8.14847 10.3785 10.6171 10.6401 10.6739 10.754 10.4804 9.44602 10.4629 7.28079 1871.88 1972.91 6.85837 8.68331 9.43557 9.04095 9.62842 9.31326 10.3931 10.5906 11.4245 10.727 12.1522 10.2357 10.1784 8.17777 7.02716 8.42243 7.76594 8.86948 9.06772 6.92031 6.36456 6.75687 4.26923 
4.83474 6.53898 5.43005 7.91819 7.75834 8.82022 8.78309 9.08898 8.31887 10.1895 10.9633 9.23965 8.63988 8.59463 7.95352 1729.46 1752.93 6.56446 7.89961 10.0451 8.71885 9.05438 10.6879 8.39748 9.19196 9.26322 10.1969 11.7101 9.24201 9.15418 7.89919 6.652 7.05282 8.02273 7.15485 6.56717 7.5045 7.49832 7.54154 5.24323 
3.65322 5.05687 7.03855 8.18493 8.7735 7.81194 8.72115 7.77857 9.2399 9.48733 9.74806 9.20616 6.81988 6.42201 6.16807 1689.07 1661 6.8257 7.61598 8.34522 8.43779 9.04577 8.14501 8.83588 9.37711 9.95069 8.48138 7.93617 8.12184 9.3707 8.45294 8.20424 8.42843 7.90625 7.28852 6.49941 8.1869 7.1032 7.45777 6.24413 
3.488 5.00882 5.6003 7.24786 8.44904 7.25405 8.56611 8.06923 8.23651 7.16986 8.71323 7.29335 5.09505 6.60905 6.08851 1491.66 1487.22 6.87562 6.36041 7.3883 7.44412 7.36791 7.80215 7.12276 9.38603 9.18005 7.83592 6.72677 7.53756 8.78474 7.224 8.31917 7.14096 5.99873 5.87341 5.31421 7.50336 7.83002 6.13301 5.43323 
2.64433 4.00759 4.52801 4.77709 7.41088 7.89929 6.55506 5.69456 5.51466 5.97174 7.33707 6.71769 3.75936 4.91731 5.11913 1400.27 1387.16 5.2681 5.20689 3.69494 5.13754 7.5896 6.39493 6.40332 7.04008 7.69533 6.28074 7.14703 7.17332 7.33928 6.98587 5.83295 7.10588 6.08319 5.26507 6.64349 6.2235 5.27344 4.72326 3.93085 
