42.6447 49.7546 55.4413 61.7653 58.0351 55.1342 55.4611 46.6235 43.9302 44.7159 37.9826 34.7891 30.0931 28.3891 24.865 17.6552 17.1691 17.5697 15.3178 11.9585 12.6475 12.1147 10.8404 14331.1 26342.6 27.164 28.5024 28.9936 33.242 35.6534 41.9381 47.3045 50.9292 57.1186 58.5318 64.6252 58.1262 54.3907 53.1588 44.7749 
51.9628 68.7289 74.0572 78.9747 77.4951 71.428 70.5319 62.6284 54.4649 48.5103 45.6861 36.4814 35.5781 31.7284 28.0839 25.0963 20.8966 21.1939 20.9338 19.3361 17.6978 14.3161 12.3604 15302.1 28637 33.9514 34.1229 41.2478 43.4228 45.521 48.9143 59.0912 58.9637 67.9104 76.995 78.7874 76.1979 72.8846 70.2224 49.8148 
60.9975 75.7555 87.6934 93.1973 96.9092 83.7669 73.5266 69.3561 59.3174 53.3433 50.3395 47.068 40.4082 36.7681 32.5228 25.8841 28.6046 22.2368 18.4094 18.3925 18.4281 18.3562 16.3773 15705.3 29257.6 36.6633 38.0595 41.5509 46.9461 48.7789 56.4206 61.0376 71.0397 77.6671 88.8047 102.109 97.9676 91.3944 73.7787 60.1763 
63.4812 80.3556 100.344 127.074 118.959 94.6347 80.3341 73.3669 65.6183 56.3537 49.9013 43.6185 39.5379 38.1118 34.7186 30.4727 25.9855 23.725 24.7977 18.2831 16.8999 16.0946 16.5352 15526.5 29426.6 37.9172 39.292 45.0871 47.8431 53.37 58.1192 61.9731 74.2148 83.8623 98.0959 124.853 126.146 98.2418 80.0744 59.6556 
54.1908 77.0275 95.0795 125.798 133.917 99.9749 79.0941 72.1659 64.3644 56.0532 49.4821 44.3501 39.5266 33.1896 31.3209 31.9676 25.0681 21.9596 22.1335 21.0937 17.2805 16.1729 16.3275 15594.9 29684.6 41.5716 42.262 42.0942 41.5036 49.9274 57.9089 70.3527 74.1613 83.7012 101.637 125.585 128.588 99.9104 81.1095 56.6658 
65.055 74.3002 81.5807 96.1763 101.014 96.3094 83.8661 76.2835 64.601 54.3734 50.6768 43.8313 40.1313 36.0239 34.924 26.8565 27.3112 24.8781 25.1181 21.4621 19.8931 18.7807 17.9126 15510.1 29258.7 36.6324 38.0434 41.6217 45.4797 55.6869 61.7244 68.7831 68.6701 78.1826 96.3899 107.435 101.533 86.7993 75.5231 60.772 
61.0045 69.6411 73.9586 84.1067 84.3671 77.5033 77.1226 68.4321 61.2621 51.9814 51.0495 46.7571 40.7279 37.9145 31.9863 30.6254 28.0835 25.0666 24.72 20.7095 17.3188 17.5602 16.8836 15351.8 28166.3 42.3666 43.3545 41.8011 47.759 50.5779 56.9345 56.5396 64.3426 72.8912 84.1949 91.2198 86.2168 77.2343 68.063 54.3348 
52.4335 63.0447 69.6601 70.3428 74.3615 65.1007 67.0568 59.8807 64.1975 50.7717 46.7454 47.4988 38.7869 36.558 34.6259 31.0582 26.198 24.2149 25.2257 23.2769 19.8661 16.6231 17.1059 14520 26443.9 38.674 38.2945 42.8258 43.6933 48.7814 57.2784 58.8328 65.6979 63.4332 73.3644 77.9047 72.3856 71.7217 62.4363 54.5403 
46.2748 50.6488 59.2259 59.7937 65.7847 61.5427 62.0416 54.8279 52.6161 48.732 47.0498 46.2713 40.0716 36.234 34.5466 33.8055 30.7031 26.5525 23.7374 23.6385 19.9746 21.0015 21.3934 25.1452 29.546 38.14 34.9923 39.4036 43.4615 48.5606 51.5119 57.8633 56.8714 60.3715 67.2552 64.6311 67.5526 62.2671 58.5992 43.9828 
38.994 48.7901 55.164 56.4702 64.9662 56.8316 57.3445 52.0383 48.5962 47.8597 44.0117 39.576 36.6725 33.8977 33.053 29.5541 31.4876 29.0596 24.9384 24.3571 23.8739 26.453 29.7569 31.3031 35.0378 39.1063 37.2866 39.5047 42.0311 49.4877 46.4487 50.0803 52.5515 53.2571 59.3929 56.7993 59.2722 56.2564 50.9491 39.5524 
36.0621 45.3743 50.4931 53.1028 53.1216 52.1897 53.6284 48.8819 46.403 40.7828 37.4724 37.6826 35.2091 30.1353 32.6658 28.0835 29.8777 26.8388 29.7246 26.2866 28.3154 30.2157 31.2917 32.8702 35.1709 37.3304 41.2498 40.7057 45.4873 46.8557 49.5406 48.5785 54.8065 51.4925 54.9924 52.4433 50.1212 50.3175 46.6443 35.7312 
30.2839 39.6698 44.857 45.9298 43.3666 47.5443 49.4968 44.7134 45.4123 35.776 35.4077 33.8011 34.5223 30.5841 33.0671 29.3737 28.351 31.9967 30.7632 29.8936 28.2773 33.7063 29.7599 32.57 32.1248 35.8914 37.5391 38.3771 38.9735 43.7611 47.3672 47.5749 50.4664 50.4258 50.7362 50.5583 51.03 46.4555 42.3148 32.1511 
28.8836 32.9864 40.0544 39.2254 43.1765 44.2116 44.5316 38.487 36.4509 34.0895 31.687 31.1469 36.5197 33.2277 32.5848 30.2901 30.4844 30.6033 30.0342 29.6263 31.4415 30.6421 29.1954 31.1113 31.9474 34.6164 33.1088 40 38.4322 40.418 43.2695 45.3391 45.1527 47.0965 47.7144 47.0316 44.7281 40.438 37.4983 30.2095 
24.5614 30.5321 32.4063 35.6611 38.3094 38.185 40.3171 36.8267 36.9863 35.3898 32.515 31.3149 32.5952 30.8993 28.1079 27.5715 29.8025 30.0016 30.3688 31.9299 30.12 26.6942 30.4714 29.2504 32.7881 30.5582 32.8531 34.9203 36.9297 37.1004 40.1583 41.803 39.9641 43.3088 43.2314 43.2132 43.8203 34.3856 33.3846 30.6264 
22.2026 30.7003 31.0914 33.7499 35.9296 34.1598 39.5409 36.9992 33.743 33.3068 30.1723 29.603 29.3431 27.6599 28.8663 25.7737 27.5895 32.0792 29.0567 27.8267 29.3544 28.5092 28.3955 27.3115 29.6339 31.1762 30.9416 34.4691 36.4228 34.7101 41.0868 40.9273 36.9473 40.6729 38.1546 38.1273 39.3275 35.4003 33.1809 26.1157 
19.9145 26.4387 28.1642 29.3431 32.6735 34.5053 32.6735 34.5866 32.013 32.6715 28.9363 27.6545 30.1567 28.353 27.3217 27.5415 29.0561 27.5467 28.7728 27.132 28.3764 27.7572 28.7074 29.2598 28.1139 30.3543 34.1336 31.6606 35.5112 34.5256 35.5823 35.7206 38.242 37.2331 36.5603 36.6792 36.3538 30.7492 29.7987 22.2555 
17.2586 22.0819 24.239 27.9791 28.8601 27.3756 28.0703 32.4494 34.1121 31.4842 27.4338 27.8216 26.0513 29.9221 26.3999 24.7904 24.9145 24.2187 26.521 26.9471 26.3766 27.9974 27.9626 30.4871 25.6346 29.8373 32.0841 32.9563 29.9237 29.7301 32.4739 30.2099 30.0044 32.0922 33.3413 33.0633 34.0068 27.816 24.2308 19.6483 
19.7378 24.3063 24.6388 26.9479 31.8894 28.8237 30.1745 33.7402 26.4392 27.9066 26.405 28.7059 26.1335 27.666 27.6051 23.3282 25.0148 24.793 22.194 22.7775 24.988 25.6232 27.3287 25.8333 24.9832 26.7585 23.4445 27.267 28.6643 27.7598 29.37 26.2959 26.1791 29.0613 33.5824 27.2073 26.768 28.4764 24.201 17.8539 
15.8183 24.6391 24.0831 24.0828 23.8162 27.297 26.2676 26.0317 26.0962 24.5305 25.5482 26.5133 24.8918 27.2256 23.7105 24.1373 24.0776 22.9375 21.4102 23.3558 22.9189 22.0251 24.6416 21.4631 25.3991 24.2344 23.9495 26.3004 26.8262 24.8521 29.3395 28.6307 24.1874 28.5234 29.8031 25.4877 28.3878 23.6533 20.287 16.6406 
16.887 20.4335 24.0349 22.2988 24.972 27.5326 26.2077 20.7802 23.7004 22.8987 21.8832 21.3232 26.2281 24.7858 22.6688 21.2396 22.9948 21.0506 21.1681 22.0652 19.0009 21.189 22.1354 21.6369 24.8115 23.6471 22.8135 23.2268 23.6163 22.9413 23.7241 26.3587 27.4054 25.1802 25.7041 24.28 26.4687 25.1012 19.1023 14.2776 
14.1693 17.6783 17.6967 19.5861 21.1094 22.8002 21.6172 20.6861 22.8768 20.8828 22.7754 20.7931 24.267 24.6746 20.82 21.1324 19.8897 19.2664 17.6599 20.1051 19.4149 21.1223 22.4663 23.8693 24.081 20.2734 22.3425 23.0216 22.7431 21.3679 24.5918 23.457 23.6732 22.3622 22.5488 20.7678 22.3276 22.4161 17.7657 13.835 
12.4606 18.7673 17.1911 18.3645 18.4906 21.9761 24.3161 21.1808 19.196 20.5748 20.0907 21.6624 20.8562 23.1641 20.8151 19.9757 20.2975 17.5852 20.2545 19.0577 19.146 20.0104 20.541 20.6511 21.1989 19.8614 19.6901 21.5362 24.3263 20.1915 20.3061 22.3925 18.6522 20.8487 22.0857 20.693 20.2055 18.1127 15.4328 12.9998 
10.5805 15.043 15.7616 15.6215 16.247 18.8172 19.3343 17.5439 19.0779 18.1923 20.7555 18.9728 17.4595 19.1402 17.5611 20.0043 18.7706 17.7218 17.7786 15.245 19.4934 20.6205 20.7108 18.2403 17.5709 20.5877 17.7578 18.8478 17.5573 19.9627 20.1939 21.7515 20.3783 20.3868 19.6194 17.8446 17.025 17.3002 16.6326 14.0257 
10.4932 13.7316 15.8525 14.8958 16.093 17.8192 15.7627 17.7639 23.4142 20.7449 18.4468 17.7502 19.2058 21.4086 17.3105 20.3648 19.7679 15.6076 16.7028 15.864 18.5532 15.7491 19.7756 16.685 18.7718 20.1422 18.1618 18.0117 17.397 17.9604 17.7007 20.5673 19.3767 17.2114 16.1379 17.3902 18.5101 15.2 13.3399 11.5129 
9.94874 12.723 14.3818 14.7467 17.5986 13.868 16.9128 16.7881 17.125 17.5215 17.2407 15.7677 17.3828 16.9437 15.2699 16.7922 17.2138 18.374 15.7597 17.2351 15.9545 16.4523 19.5227 18.8039 17.056 19.4048 19.1094 15.5805 16.2659 19.5151 18.1622 17.6545 15.6388 14.0514 17.1896 17.3025 14.2579 15.1304 12.5157 10.7153 
9.45519 11.0189 10.9299 12.8903 16.1019 16.3777 17.3261 15.6165 15.3581 17.321 16.9141 15.0386 15.9336 14.879 17.0347 13.9527 16.5187 14.8388 15.1285 16.0584 18.3753 17.4052 15.7592 17.9481 15.9076 16.7148 18.225 14.8341 14.6324 15.0798 15.9602 17.1228 14.2612 13.9165 16.557 15.2578 12.7063 13.1783 12.1836 9.70289 
8.67868 10.7935 12.3059 13.1734 13.1798 13.5167 14.7907 15.033 16.4244 14.1703 14.3779 14.8615 16.5004 15.2945 15.199 13.1975 17.4958 17.5129 16.2816 14.6613 15.7743 16.0809 15.3452 13.8829 15.3312 14.3736 15.7935 14.2718 13.9379 15.1152 16.1092 16.1302 14.7081 14.8604 12.3423 11.2225 13.1226 12.5401 11.7294 10.2733 
7.62139 12.2639 12.575 12.5002 13.4695 15.0475 14.5397 14.1439 15.0641 13.5892 14.9034 16.0733 15.3308 15.0038 12.6229 15.9812 15.118 14.6363 14.5896 13.7243 15.3896 14.5516 14.6393 14.688 14.3618 14.7731 13.0153 15.2639 16.0596 15.7225 15.724 11.4437 12.8307 11.1989 12.9938 12.6582 13.1513 13.0711 12.0338 7.14353 
7.78327 10.1669 10.6305 11.2973 10.6968 13.0181 12.4981 12.8087 12.763 14.5222 14.6693 14.1193 15.5818 13.6318 13.0979 13.7807 15.3502 15.8098 15.3392 14.5027 13.5466 14.3801 13.0648 13.6956 13.4291 13.619 16.377 15.0335 14.3198 14.6612 15.3202 14.1609 16.5129 12.3033 11.8848 12.0037 12.1197 12.9896 9.28863 8.29093 
7.36474 11.109 10.6802 11.3792 11.6145 12.9777 11.9758 13.9828 12.014 12.9311 13.3438 13.6428 13.9709 13.7406 12.4659 14.174 12.0974 11.7695 11.2612 12.4114 14.3678 16.8119 13.1627 10.8759 13.7337 10.4165 13.0428 13.0398 15.1511 14.1226 13.3906 13.0762 11.5659 12.3252 10.228 11.6922 11.7647 10.9184 10.2059 7.84458 
7.61257 8.81815 9.13861 10.774 11.24 10.9387 11.1627 11.5934 12.4469 13.0018 11.7771 14.6987 11.6448 12.1775 14.0054 14.5787 12.4505 12.8782 9.76244 12.3912 14.7968 11.9469 11.6029 10.2255 10.7682 12.0512 10.8311 9.86139 14.3942 11.5722 10.6208 11.1909 12.8116 10.0776 11.9544 12.4924 10.1242 10.0253 9.09555 8.11483 
8.01845 7.93743 8.45875 10.3536 10.9848 11.9934 9.74145 12.2277 12.374 11.9008 12.1409 12.7927 11.3285 12.1592 13.1514 13.2077 12.3272 10.4914 11.0354 11.7247 12.4874 10.6498 10.0977 11.5279 11.886 11.1641 11.7627 11.1839 11.3791 13.6171 9.81906 12.1908 12.5724 11.1333 11.6559 11.1069 9.962 8.74949 9.8855 7.20834 
7.02967 8.78516 9.39997 8.8878 9.39246 8.76568 10.1124 11.2537 11.9091 9.63709 10.1962 10.0377 11.9593 9.72855 9.99083 11016.1 11368.1 8.01015 9.94152 8.71187 10.4683 11.397 11.5304 12.1381 12.1554 10.1799 11.4161 10.8533 12.7446 10.9074 9.70335 10.4564 11.3916 10.9558 10.1444 10.7912 8.49116 8.99773 9.97595 6.43323 
5.89117 9.22211 9.92864 7.66406 10.6541 8.56057 10.0413 9.58816 10.8036 9.73553 9.76391 8.74307 8.82167 9.25855 10.2399 2680.7 3350.2 6.83565 8.17962 8.20524 8.3677 13.1041 11.4641 10.5533 11.3743 10.2278 9.30821 11.4795 10.8772 11.7545 10.2837 9.34799 8.87135 7.01853 8.43482 11.4842 10.0012 9.19977 8.22493 6.61873 
6.10072 7.26114 8.37003 8.47628 9.96111 9.29137 9.61686 9.99472 8.09626 9.884 9.65842 9.53252 10.6187 8.55294 7.91392 2134.35 2735.26 6.67433 7.91485 9.44267 8.97291 9.81434 10.1769 10.3492 10.6858 8.5837 8.78778 7.47535 8.67574 8.77189 8.74 8.52917 7.2073 8.3875 8.31692 8.98124 8.29267 7.89035 8.21128 5.65864 
6.12325 5.48353 9.29755 9.70128 9.58192 11.345 9.00041 8.79155 8.26008 8.65403 7.44722 9.67397 8.13895 7.28349 7.39606 2018.71 2631.08 7.11022 7.06375 9.30107 8.03666 7.88616 9.29635 10.286 8.84081 9.73412 9.65152 9.56313 7.32542 11.1627 9.2042 9.3288 8.18758 7.54893 10.0499 8.90459 8.06982 8.60065 7.86684 6.01326 
5.26127 6.36314 7.4532 8.15008 8.22212 9.94703 8.68871 8.53451 7.61573 8.45581 6.66814 7.67294 7.22236 7.97936 6.0692 1852.71 2404.31 6.43981 5.46845 8.16509 8.97351 10.6667 9.77517 10.4499 9.3072 7.5405 7.42122 9.22883 9.81549 8.97837 7.77224 7.6566 8.15472 9.13045 9.04654 8.21542 6.67676 8.11413 7.14299 4.88244 
5.35839 6.43313 6.97718 7.67467 9.26274 8.39712 8.40505 8.21052 6.81826 6.94213 7.69228 7.32713 5.96868 6.03984 5.23293 1680.71 2315.47 3.94766 4.97285 6.97082 8.53198 9.79706 8.28893 9.97972 8.132 9.21919 7.76342 8.06853 8.84401 7.38004 8.28584 6.6937 7.17562 8.98841 7.12488 7.57393 8.64016 8.29621 5.52762 5.34814 
4.55657 5.34438 6.18568 6.85839 8.99046 7.02906 7.13002 6.64199 6.20198 4.89785 6.6263 5.92587 4.97144 5.37273 5.87009 1547.17 2137.68 3.92219 4.93259 5.53078 7.63518 7.47231 6.81167 9.82691 10.4419 8.65507 8.17073 7.8784 5.83554 6.78294 6.93658 5.90701 7.10196 6.05182 6.03846 5.33349 6.86707 5.25789 5.61516 5.0701 
3.60308 6.13181 6.35538 5.63351 5.10434 6.28298 6.88318 5.58403 6.02478 3.82326 5.11766 4.76619 4.16684 4.28523 5.02993 1452.04 1992.95 3.48489 4.22127 4.87981 5.52656 6.71892 6.96598 7.43828 6.67419 6.33825 8.05887 5.39505 6.66026 5.057 5.55416 6.15081 5.5652 5.99709 5.26224 4.73585 4.93818 4.39976 5.38285 3.41134 
